nombre de simulation: 2
-1 -1 1 0 2 121 11
0 6 2 24 250 120 10
2 3 1 15 51 119 8
3 8 2 1 11 118 5
1 2 1 -2 4 117 2
4 2 2 -1 1 116 0
8 1 2 0 2 116 1
7 9 1 1 1 115 0
6 0 1 0 2 117 1
0 1 2 -1 1 116 0
8 8 1 1 1 117 0
0 1 1 1 1 117 0
4 9 1 0 2 117 1
7 6 2 -1 1 116 0
7 5 2 -1 11 118 5
1 6 1 -3 3 117 1
0 7 2 -2 2 116 1
5 4 1 -1 1 115 0
3 0 1 2 2 117 1
5 7 2 1 1 116 0
5 5 1 1 1 117 0
2 4 1 -1 1 117 0
10 1 1 1 3 117 1
10 8 2 2 2 116 1
3 4 1 1 1 115 0
0 1 2 7 7 118 6
1 6 1 1 1 117 0
7 8 1 1 1 117 0
0 3 1 1 1 117 0
9 2 1 1 1 117 0
10 1 1 1 1 117 0
2 5 1 1 1 117 0
1 7 2 3 5 118 2
1 9 1 3 3 117 2
8 4 2 1 1 116 0
4 5 2 1 1 116 0
10 8 1 -1 1 117 0
8 10 2 3 7 118 4
4 8 1 -1 3 117 2
8 2 2 1 1 116 0
7 5 2 -1 1 116 0
6 2 1 1 1 117 0
0 5 1 1 1 117 0
2 7 1 1 1 117 0
10 6 2 4 4 118 3
9 4 1 1 1 117 0
10 6 1 1 1 117 0
4 10 1 1 1 117 0
5 2 2 0 4 118 3
10 2 1 -1 1 117 0
4 4 1 1 1 117 0
1 1 1 -1 1 117 0
6 9 2 -1 1 118 0
6 10 1 0 36 119 8
4 6 2 2 8 118 5
3 3 1 2 2 117 1
1 0 2 1 1 116 0
6 1 1 1 1 117 0
2 2 1 1 1 117 0
10 5 1 -1 1 117 0
5 4 1 -2 2 117 1
8 0 2 -1 1 116 0
10 0 2 -1 9 118 5
6 0 1 -1 1 117 0
9 2 1 0 2 117 1
7 4 2 -1 1 116 0
2 8 1 -1 3 117 2
10 6 2 1 1 116 0
8 7 2 -1 1 116 0
8 3 1 -1 1 117 0
10 7 1 1 1 117 0
3 5 2 0 6 118 4
7 8 1 2 2 117 1
1 0 2 1 1 116 0
0 4 1 -1 1 117 0
9 5 1 -1 1 117 0
10 0 1 -1 1 117 0
2 7 2 -1 7 118 4
2 9 1 -1 1 117 0
6 1 1 -1 1 117 0
8 5 1 1 3 117 2
5 4 2 1 1 116 0
6 2 2 -1 1 116 0
0 3 1 1 1 117 0
5 1 2 1 1 118 0
8 2 2 2 2 118 1
10 4 1 1 1 117 0
1 8 2 -1 1 118 0
7 4 2 -1 1 118 0
4 2 1 -7 41 119 8
9 9 2 4 10 118 6
4 6 1 1 1 117 0
9 8 1 0 2 117 1
10 8 2 -1 1 116 0
6 2 1 0 2 117 1
9 10 2 1 1 116 0
0 3 1 -1 1 117 0
8 7 1 2 2 117 1
1 10 2 1 1 116 0
5 0 1 1 1 117 0
0 2 2 6 6 118 5
7 7 1 1 1 117 0
4 1 1 1 1 117 0
9 3 1 1 1 117 0
3 8 1 1 1 117 0
0 0 1 1 1 117 0
1 5 2 -2 4 118 3
5 4 1 1 1 117 0
8 2 1 -1 1 117 0
3 7 1 -1 1 117 0
8 1 2 -5 5 118 4
2 0 1 -1 1 117 0
9 9 1 -1 1 117 0
10 3 1 -1 1 117 0
6 2 1 -1 1 117 0
5 10 2 -3 5 118 3
5 6 1 0 2 117 1
2 1 2 -1 1 116 0
8 0 1 -1 1 117 0
1 8 1 -1 1 117 0
4 7 2 -3 5 118 3
7 8 1 -1 1 117 0
4 9 1 -2 2 117 1
0 1 2 -1 1 116 0
9 1 1 1 1 117 0
7 4 2 -2 4 118 3
9 2 1 -1 1 117 0
7 6 1 -1 1 117 0
6 5 1 -1 1 117 0
6 3 2 -1 1 118 0
7 0 1 2 24 119 8
9 0 2 -2 6 118 5
7 7 1 1 1 117 0
4 8 1 -1 1 117 0
6 10 1 -1 1 117 0
2 6 1 -1 1 117 0
5 2 1 1 1 117 0
8 1 2 0 2 118 1
9 3 1 -1 1 117 0
10 2 2 3 3 118 2
9 9 1 1 1 117 0
2 7 1 1 1 117 0
4 5 2 1 3 118 2
7 0 1 -1 1 117 0
0 2 1 1 1 117 0
5 10 2 1 1 118 0
7 9 2 2 2 118 1
9 4 1 1 1 117 0
3 7 2 -3 3 118 2
5 0 1 -1 1 117 0
2 2 1 -1 1 117 0
2 3 2 1 3 118 2
6 0 1 1 1 117 0
1 3 1 1 1 117 0
1 9 1 9 29 119 9
1 7 2 -1 3 118 2
8 3 1 -1 1 117 0
5 4 1 1 1 117 0
7 2 2 1 1 118 0
6 3 2 2 4 118 2
0 1 1 2 2 117 1
10 1 2 1 1 116 0
6 6 1 -1 1 117 0
3 9 2 2 6 118 3
7 6 1 -1 3 117 2
7 5 2 -1 1 116 0
10 4 2 -1 1 116 0
2 2 1 1 1 117 0
0 9 1 1 1 117 0
8 4 2 2 4 118 3
3 3 1 1 1 117 0
9 7 1 -1 1 117 0
4 0 1 1 1 117 0
10 8 2 -1 3 118 2
8 2 1 -1 1 117 0
5 8 1 -1 1 117 0
5 1 2 2 2 118 1
8 6 1 1 1 117 0
2 0 2 0 2 118 1
10 6 1 -1 1 117 0
4 10 2 3 3 118 2
4 9 1 1 1 117 0
8 8 1 1 1 117 0
8 5 1 7 23 119 7
6 3 2 0 4 118 3
8 6 1 1 1 117 0
6 8 1 -1 1 117 0
4 4 1 -1 1 117 0
0 7 2 1 5 118 3
2 6 1 0 2 117 1
10 8 2 -1 1 116 0
9 10 1 1 1 117 0
1 3 1 -1 1 117 0
3 4 2 3 3 118 2
0 5 1 1 1 117 0
10 3 1 1 1 117 0
2 1 2 2 4 118 3
7 1 1 1 1 117 0
8 6 1 -1 1 117 0
0 3 1 1 1 117 0
4 8 2 2 2 118 1
9 5 1 1 1 117 0
7 0 2 1 1 118 0
1 9 2 -1 3 118 2
5 5 1 -1 1 117 0
1 4 1 -1 1 117 0
5 4 1 -2 20 119 7
10 6 2 -1 3 118 2
7 6 1 -1 1 117 0
2 4 1 1 1 117 0
0 9 2 -3 3 118 2
10 4 1 -1 1 117 0
9 10 1 -1 1 117 0
2 1 2 2 6 118 4
1 9 1 1 1 117 0
6 6 1 1 1 117 0
4 0 1 1 1 117 0
8 3 1 0 2 117 1
8 7 2 1 1 116 0
9 3 2 0 2 118 1
4 6 1 -1 1 117 0
5 4 2 0 2 118 1
1 1 1 1 1 117 0
1 8 2 0 2 118 1
0 1 1 1 1 117 0
8 2 2 -1 1 118 0
0 7 1 4 10 119 6
1 5 2 1 1 118 0
3 6 2 3 3 118 1
7 2 1 2 2 117 1
2 3 2 1 1 116 0
9 1 2 0 2 118 1
4 1 1 1 1 117 0
5 2 2 -1 1 118 0
4 4 2 -1 1 118 0
0 10 2 1 1 118 0
10 1 1 -2 10 119 6
5 1 2 -2 2 118 1
0 6 1 -1 1 117 0
10 4 2 0 2 118 1
4 8 1 1 1 117 0
1 7 2 -1 1 118 0
7 8 2 -1 1 118 0
3 10 2 0 2 118 1
0 0 1 1 1 117 0
0 2 2 1 1 118 0
3 8 1 -1 5 119 3
2 5 2 1 1 118 0
3 2 2 -2 2 118 1
3 5 1 -1 1 117 0
8 8 2 -1 1 118 0
7 9 2 12 238 120 11
8 3 1 3 45 119 8
7 0 2 -1 9 118 4
9 5 1 -2 4 117 3
6 4 2 -1 1 116 0
1 10 2 1 1 116 0
7 1 2 -1 1 116 0
0 4 1 1 1 117 0
5 7 1 0 2 117 1
6 0 2 -1 1 116 0
6 0 1 -1 1 117 0
6 6 2 0 10 118 7
9 3 1 -1 1 117 0
10 8 1 2 2 117 1
10 6 2 1 1 116 0
4 5 1 0 2 117 1
5 10 2 1 1 116 0
5 10 1 1 1 117 0
0 1 1 -1 1 117 0
6 7 1 1 1 117 0
3 9 1 -1 1 117 0
4 8 2 -1 5 118 3
6 7 1 -1 1 117 0
0 8 1 -1 1 117 0
7 6 1 0 2 117 1
0 1 2 -1 1 116 0
0 4 2 3 5 118 3
5 10 1 1 1 117 0
7 3 1 0 2 117 1
0 8 2 -1 1 116 0
8 0 1 1 1 117 0
1 2 2 2 4 118 3
10 0 1 -1 1 117 0
3 6 1 1 1 117 0
7 3 1 1 1 117 0
2 1 2 0 8 118 4
6 3 1 1 1 117 0
10 5 1 -1 1 117 0
0 6 1 0 2 117 1
7 2 2 1 1 116 0
1 0 1 -1 3 117 2
2 9 2 -1 1 116 0
6 0 2 1 1 116 0
3 3 2 -2 2 118 1
9 8 1 -1 1 117 0
10 10 2 1 1 118 0
3 7 1 1 39 119 8
4 8 2 1 11 118 7
6 10 1 0 2 117 1
4 9 2 -1 1 116 0
3 2 1 -1 1 117 0
9 8 1 0 2 117 1
8 10 2 -1 1 116 0
2 9 1 1 1 117 0
7 3 1 1 1 117 0
5 7 1 0 2 117 1
9 1 2 -1 1 116 0
4 5 1 1 1 117 0
3 9 2 0 6 118 3
9 5 1 2 2 117 1
5 5 2 1 1 116 0
10 9 1 0 2 117 1
5 5 2 1 1 116 0
5 2 1 -1 1 117 0
2 6 2 -2 6 118 4
8 8 1 -1 1 117 0
4 1 1 -1 1 117 0
2 9 1 0 2 117 1
7 7 2 -1 1 116 0
7 3 1 -1 1 117 0
9 10 2 1 3 118 2
7 8 1 1 1 117 0
4 3 1 -1 1 117 0
8 7 2 1 5 118 3
4 8 1 0 2 117 1
7 3 2 -1 1 116 0
1 3 1 -1 1 117 0
5 7 1 1 1 117 0
5 1 2 -3 3 118 2
0 1 1 -1 1 117 0
8 6 1 -1 1 117 0
6 4 2 1 3 118 2
3 1 1 1 1 117 0
5 5 1 1 1 117 0
10 5 2 1 1 118 0
1 8 1 -3 33 119 10
9 6 2 1 9 118 4
8 3 1 -1 3 117 2
6 6 2 -1 1 116 0
7 7 2 1 1 116 0
7 5 1 -1 1 117 0
2 9 1 0 2 117 1
1 2 2 1 1 116 0
0 0 1 2 2 117 1
4 4 2 1 1 116 0
6 10 2 1 3 118 2
6 9 1 -1 1 117 0
0 7 1 1 1 117 0
0 1 2 -2 4 118 3
6 3 1 -1 1 117 0
9 6 1 -1 1 117 0
8 9 1 1 1 117 0
5 5 2 -2 6 118 4
7 5 1 -1 1 117 0
2 7 1 0 2 117 1
1 8 2 1 1 116 0
1 10 1 1 1 117 0
10 9 1 -1 1 117 0
3 9 2 3 3 118 2
3 8 1 1 1 117 0
2 9 1 1 1 117 0
8 3 2 2 2 118 1
2 10 1 1 1 117 0
4 2 2 -1 1 118 0
1 8 2 -1 1 118 0
10 4 2 -1 1 118 0
7 7 2 -1 1 118 0
0 6 1 8 28 119 7
0 1 2 4 4 118 3
5 9 1 1 1 117 0
9 6 1 1 1 117 0
3 1 1 1 1 117 0
8 5 2 3 5 118 3
10 4 1 1 1 117 0
2 1 1 2 2 117 1
1 3 2 1 1 116 0
6 3 1 -1 1 117 0
3 6 2 1 3 118 1
10 8 1 0 2 117 1
8 10 2 1 1 116 0
6 3 2 2 6 118 3
9 10 1 1 3 117 2
4 5 2 1 1 116 0
8 8 2 -1 1 116 0
10 3 1 1 1 117 0
3 7 1 -1 1 117 0
2 8 2 -2 6 118 4
8 8 1 0 2 117 1
3 1 2 -1 1 116 0
7 2 1 -1 1 117 0
10 7 1 1 1 117 0
0 9 1 -1 1 117 0
1 9 2 0 2 118 1
9 7 1 -1 1 117 0
9 0 2 1 1 118 0
6 4 1 5 33 119 9
4 0 2 0 6 118 2
3 5 1 1 3 117 2
5 8 2 -1 1 116 0
10 2 2 1 1 116 0
7 7 1 0 2 117 1
0 9 2 1 1 116 0
8 4 2 2 8 118 4
10 2 1 3 3 117 1
3 8 2 2 2 116 1
9 10 1 1 1 115 0
4 3 1 1 1 117 0
6 4 1 -2 2 117 1
5 2 2 -1 1 116 0
0 5 1 -1 1 117 0
0 3 2 0 2 118 1
4 0 1 -1 1 117 0
5 8 2 0 4 118 3
0 1 1 1 1 117 0
3 3 1 -1 1 117 0
4 0 1 -1 1 117 0
10 1 2 -1 5 118 4
1 7 1 1 1 117 0
4 4 1 -1 1 117 0
2 9 1 1 1 117 0
5 2 1 -1 1 117 0
3 2 2 1 3 118 2
7 3 1 1 1 117 0
5 8 1 -1 1 117 0
7 5 2 -1 1 118 0
9 6 2 2 2 118 1
5 6 1 1 1 117 0
6 7 2 1 1 118 0
10 9 1 1 17 119 8
7 2 2 -2 2 118 1
3 4 1 -1 1 117 0
6 1 2 2 2 118 1
2 8 1 1 1 117 0
2 0 2 1 3 118 2
0 8 1 -1 1 117 0
3 10 1 1 1 117 0
10 6 2 1 3 118 2
0 7 1 1 1 117 0
3 1 1 -1 1 117 0
9 8 2 -2 2 118 1
2 3 1 -1 1 117 0
0 4 2 0 2 118 1
8 4 1 1 1 117 0
4 7 2 1 1 118 0
8 10 2 -1 1 118 0
5 5 1 -7 15 119 5
0 9 2 -1 3 118 2
9 2 1 -1 1 117 0
7 5 1 1 1 117 0
2 6 2 -4 4 118 3
3 3 1 -1 1 117 0
4 7 1 -1 1 117 0
2 1 1 -1 1 117 0
8 10 2 -1 3 118 2
10 2 1 -1 1 117 0
7 6 1 -1 1 117 0
4 2 2 -1 3 118 2
3 8 1 1 1 117 0
10 10 1 -1 1 117 0
6 3 2 1 1 118 0
4 10 1 1 13 119 5
9 10 2 2 2 118 1
7 1 1 1 1 117 0
4 6 2 0 4 118 2
9 7 1 0 2 117 1
10 3 2 -1 1 116 0
4 8 1 1 1 117 0
10 7 2 -1 3 118 2
10 7 1 -1 1 117 0
5 1 1 -1 1 117 0
8 5 2 2 2 118 1
1 10 1 1 1 117 0
1 0 2 -1 1 118 0
2 1 1 3 9 119 4
10 4 2 2 2 118 1
10 2 1 1 1 117 0
0 5 2 1 3 118 2
5 0 1 -1 1 117 0
6 10 1 1 1 117 0
8 8 2 2 2 118 1
7 2 1 1 1 117 0
6 9 2 -1 1 118 0
9 2 1 1 3 119 2
8 5 2 1 1 118 0
10 6 2 1 1 118 0
7 0 1 -2 2 119 1
9 7 2 -1 1 118 0
4 8 2 -22 226 120 10
1 6 1 -5 47 119 10
5 10 2 0 6 118 4
10 4 1 1 1 117 0
0 10 1 0 2 117 1
10 2 2 1 1 116 0
3 6 1 -1 1 117 0
9 5 1 1 1 117 0
6 4 2 1 13 118 6
8 3 1 2 2 117 1
10 4 2 1 1 116 0
3 1 1 -3 5 117 3
5 9 2 -2 2 116 1
0 4 1 -1 1 115 0
0 10 2 1 1 116 0
8 7 2 -1 1 116 0
6 2 1 0 2 117 1
9 3 2 -1 1 116 0
9 6 1 1 1 117 0
4 8 1 1 1 117 0
0 5 1 -1 1 117 0
1 0 2 -3 5 118 3
6 1 1 -2 2 117 1
2 4 2 -1 1 116 0
8 5 1 -1 1 117 0
1 9 1 1 1 117 0
8 9 2 -3 5 118 2
7 4 1 -1 1 117 0
10 0 1 -1 3 117 2
9 8 2 -1 1 116 0
0 0 2 1 1 116 0
4 7 2 1 7 118 4
2 2 1 1 1 117 0
9 1 1 -1 1 117 0
4 7 1 2 2 117 1
2 0 2 1 1 116 0
10 8 1 0 2 117 1
10 4 2 -1 1 116 0
9 3 2 -1 3 118 2
9 2 1 1 1 117 0
2 0 1 -1 1 117 0
7 2 2 1 3 118 2
0 4 1 -1 1 117 0
7 8 1 1 1 117 0
10 8 2 2 2 118 1
0 7 1 1 1 117 0
0 5 2 -1 1 118 0
3 6 2 -1 1 118 0
9 7 1 -2 36 119 10
0 5 2 -1 7 118 2
7 7 1 -2 4 117 2
6 6 2 -2 2 116 1
4 6 1 -1 1 115 0
8 2 2 1 1 116 0
1 1 1 0 2 117 1
6 5 2 1 1 116 0
7 0 2 5 5 118 4
3 8 1 1 1 117 0
8 10 1 1 1 117 0
2 5 1 1 1 117 0
7 9 1 1 1 117 0
3 6 2 -3 7 118 5
9 10 1 -1 1 117 0
10 5 1 1 1 117 0
3 8 1 -2 2 117 1
6 4 2 -1 1 116 0
8 7 1 -1 1 117 0
5 6 1 -1 1 117 0
9 10 2 -3 5 118 3
0 6 1 -2 2 117 1
1 2 2 -1 1 116 0
6 4 1 1 1 117 0
8 1 1 -1 1 117 0
2 1 2 -3 3 118 2
2 9 1 -1 1 117 0
9 4 1 -1 1 117 0
5 2 2 0 2 118 1
2 0 1 1 1 117 0
1 9 2 -1 1 118 0
8 3 2 2 2 118 1
9 2 1 1 1 117 0
10 8 2 2 2 118 1
6 10 1 1 1 117 0
4 7 2 1 1 118 0
6 9 1 -2 28 119 7
4 3 2 -3 9 118 5
0 9 1 -1 1 117 0
10 10 1 1 3 117 2
2 3 2 1 1 116 0
6 9 2 1 1 116 0
2 4 1 -1 1 117 0
6 8 1 0 2 117 1
9 10 2 -1 1 116 0
8 0 1 -1 1 117 0
3 7 2 -1 3 118 2
5 4 1 -1 1 117 0
6 7 1 -1 1 117 0
0 5 2 -2 6 118 4
10 0 1 -2 2 117 1
8 5 2 -1 1 116 0
8 6 1 1 1 117 0
0 7 1 -1 1 117 0
1 8 1 -1 1 117 0
1 4 2 0 2 118 1
5 8 1 -1 1 117 0
2 10 2 1 3 118 2
6 7 1 1 1 117 0
0 4 1 -1 1 117 0
7 6 2 3 3 118 2
1 2 1 1 1 117 0
6 0 1 1 1 117 0
8 1 2 -1 1 118 0
4 2 1 -4 24 119 8
0 1 2 1 1 118 0
6 3 2 -1 9 118 5
0 0 1 -1 3 117 2
1 5 2 -1 1 116 0
3 2 2 1 1 116 0
4 4 1 -1 1 117 0
7 3 1 1 1 117 0
10 7 1 1 1 117 0
9 6 1 0 2 117 1
1 4 2 -1 1 116 0
9 4 2 -1 5 118 4
6 3 1 1 1 117 0
7 6 1 1 1 117 0
1 5 1 -1 1 117 0
0 8 1 -1 1 117 0
2 0 2 -3 3 118 2
2 1 1 -1 1 117 0
3 9 1 -1 1 117 0
8 5 2 0 2 118 1
0 10 1 -1 1 117 0
5 6 2 -1 1 118 0
3 8 2 1 1 118 0
1 9 2 1 1 118 0
8 1 1 -9 33 119 10
10 9 2 -2 8 118 4
3 1 1 1 3 117 2
3 8 2 1 1 116 0
4 9 2 -1 1 116 0
1 6 1 -1 1 117 0
4 5 1 -1 1 117 0
9 3 1 -2 2 117 1
5 1 2 -1 1 116 0
9 4 2 0 2 118 1
5 6 1 1 1 117 0
2 7 2 -2 4 118 3
4 9 1 -1 1 117 0
2 2 1 -1 1 117 0
5 7 1 1 1 117 0
5 10 2 -2 6 118 5
7 3 1 -1 1 117 0
0 10 1 -1 1 117 0
3 5 1 1 1 117 0
9 1 1 1 1 117 0
6 2 1 -1 1 117 0
7 5 2 1 3 118 2
9 4 1 1 1 117 0
2 7 1 -1 1 117 0
8 2 2 -1 3 118 2
6 7 1 -1 1 117 0
7 1 1 -1 1 117 0
3 8 2 -1 1 118 0
6 6 2 -1 3 118 2
10 1 1 1 1 117 0
9 8 1 -1 1 117 0
4 3 2 1 1 118 0
0 1 2 -1 1 118 0
0 8 1 7 21 119 6
6 0 2 4 6 118 3
4 3 1 1 1 117 0
8 10 1 1 1 117 0
2 5 1 1 3 117 2
4 9 2 -1 1 116 0
9 1 2 1 1 116 0
10 3 2 0 4 118 3
10 5 1 -1 1 117 0
1 2 1 -1 1 117 0
2 9 1 1 1 117 0
9 5 2 0 2 118 1
0 4 1 -1 1 117 0
5 4 2 5 5 118 3
6 8 1 1 1 117 0
3 4 1 2 2 117 1
10 9 2 1 1 116 0
9 6 1 1 1 117 0
3 7 2 -1 1 118 0
7 1 2 0 2 118 1
2 7 1 -1 1 117 0
5 3 1 -6 14 119 7
6 3 2 -1 1 118 0
2 6 2 0 4 118 2
7 7 1 0 2 117 1
10 7 2 1 1 116 0
9 8 1 -1 1 117 0
3 8 2 -2 2 118 1
5 3 1 -1 1 117 0
5 4 2 -2 2 118 1
0 0 1 -1 1 117 0
0 0 2 0 2 118 1
7 7 1 -1 1 117 0
7 1 2 -1 1 118 0
4 9 2 1 1 118 0
10 10 1 -8 10 119 5
9 2 2 -4 4 118 3
5 8 1 -1 1 117 0
10 5 1 -1 1 117 0
0 4 1 -1 1 117 0
5 10 2 0 2 118 1
0 1 1 -1 1 117 0
7 1 2 -1 1 118 0
8 4 2 -1 1 118 0
10 8 2 -1 1 118 0
3 5 1 6 8 119 4
10 9 2 0 2 118 1
1 5 1 -1 1 117 0
7 3 2 1 1 118 0
2 6 2 2 2 118 1
7 3 1 1 1 117 0
1 5 2 2 2 118 1
6 1 1 1 1 117 0
7 4 1 2 4 119 2
10 1 2 2 2 118 1
2 7 1 1 1 117 0
2 6 2 1 1 118 0
3 1 2 17 191 120 9
2 7 1 8 38 119 8
1 5 2 3 9 118 5
8 6 1 2 2 117 1
4 0 2 1 1 116 0
7 1 1 0 2 117 1
5 1 2 1 1 116 0
2 10 1 1 1 117 0
1 5 1 -2 2 117 1
7 8 2 -1 1 116 0
4 4 1 1 1 117 0
3 3 2 0 4 118 3
4 3 1 1 1 117 0
3 6 1 1 1 117 0
9 9 1 -1 1 117 0
8 8 2 1 7 118 4
0 7 1 1 3 117 1
4 2 2 0 2 116 1
7 4 1 1 1 115 0
4 10 1 1 1 117 0
7 5 1 -1 1 117 0
9 2 1 -1 1 117 0
5 10 2 1 3 118 2
2 0 1 1 1 117 0
4 10 1 1 1 117 0
10 2 2 3 3 118 2
9 1 1 1 1 117 0
6 10 1 1 1 117 0
4 9 2 3 3 118 2
0 3 1 1 1 117 0
1 2 1 1 1 117 0
9 6 2 -3 7 118 5
10 0 1 -1 1 117 0
8 9 1 -2 2 117 1
7 6 2 -1 1 116 0
9 1 1 1 1 117 0
1 4 1 1 1 117 0
5 3 1 -1 1 117 0
7 7 2 1 1 118 0
4 5 1 4 34 119 10
8 10 2 -1 7 118 3
2 6 1 1 3 117 2
0 7 2 1 1 116 0
3 8 2 1 1 116 0
10 0 1 0 2 117 1
7 7 2 -1 1 116 0
9 5 1 -1 1 117 0
9 0 2 4 10 118 4
7 0 1 2 2 117 1
8 1 2 1 1 116 0
1 10 1 1 1 117 0
6 3 1 3 3 117 2
2 8 2 1 1 116 0
4 5 2 1 1 116 0
4 9 1 -3 3 117 2
10 9 2 -1 1 116 0
1 5 2 -1 1 116 0
4 4 2 2 4 118 3
6 0 1 1 1 117 0
9 2 1 1 1 117 0
1 9 1 -1 1 117 0
7 6 2 1 1 118 0
6 5 2 1 3 118 2
2 8 1 1 1 117 0
9 0 1 1 1 117 0
0 7 2 -2 2 118 1
4 9 1 -1 1 117 0
10 1 2 0 2 118 1
6 8 1 -1 1 117 0
2 2 2 0 2 118 1
2 8 1 -1 1 117 0
3 8 2 1 1 118 0
5 9 2 -1 1 118 0
5 6 1 6 22 119 7
1 9 2 3 3 118 2
9 4 1 1 1 117 0
8 1 1 1 1 117 0
9 2 2 2 6 118 5
7 10 1 -1 1 117 0
9 9 1 -1 1 117 0
8 1 1 1 1 117 0
5 8 1 1 1 117 0
1 0 1 1 1 117 0
10 4 2 1 5 118 4
10 2 1 1 1 117 0
8 4 1 1 1 117 0
3 5 1 -1 1 117 0
4 7 1 1 1 117 0
6 5 2 -1 1 118 0
8 8 2 2 4 118 3
6 0 1 1 1 117 0
9 5 1 -1 1 117 0
1 3 1 1 1 117 0
7 6 2 1 1 118 0
0 0 2 -1 1 118 0
9 1 1 -2 28 119 10
6 0 2 2 2 118 1
2 8 1 1 1 117 0
3 6 2 3 5 118 3
7 10 1 1 1 117 0
1 5 1 0 2 117 1
8 8 2 1 1 116 0
2 4 1 1 1 117 0
2 9 2 -2 4 118 2
1 10 1 -2 2 117 1
0 1 2 -1 1 116 0
6 4 1 1 1 117 0
5 2 2 0 2 118 1
6 8 1 -1 1 117 0
8 7 2 -3 3 118 2
3 9 1 -1 1 117 0
10 2 1 -1 1 117 0
10 1 2 -1 3 118 2
10 2 1 -1 1 117 0
8 3 1 1 1 117 0
9 10 2 0 4 118 3
6 8 1 1 1 117 0
10 6 1 -1 1 117 0
8 3 1 -1 1 117 0
0 8 2 -1 1 118 0
7 5 2 -2 2 118 1
2 0 1 -1 1 117 0
4 4 2 1 1 118 0
10 4 1 0 16 119 7
4 1 2 -2 4 118 3
3 2 1 1 1 117 0
5 5 1 -1 1 117 0
6 4 1 -1 1 117 0
0 0 2 -2 2 118 1
4 9 1 -1 1 117 0
8 6 2 2 2 118 1
5 5 1 1 1 117 0
6 4 2 2 2 118 1
2 0 1 1 1 117 0
3 3 2 2 2 118 1
4 6 1 1 1 117 0
9 5 2 -2 2 118 1
1 6 1 -1 1 117 0
5 7 2 -1 1 118 0
0 10 1 3 19 119 6
2 1 2 3 3 118 2
7 0 1 1 1 117 0
9 2 1 1 1 117 0
7 6 2 0 6 118 3
2 9 1 -2 2 117 1
6 3 2 -1 1 116 0
9 7 1 1 1 117 0
7 2 1 0 2 117 1
7 4 2 1 1 116 0
4 10 2 -1 5 118 4
8 3 1 1 1 117 0
9 10 1 -1 1 117 0
2 2 1 -1 1 117 0
7 1 1 -1 1 117 0
0 4 2 0 2 118 1
6 4 1 -1 1 117 0
6 0 2 -1 1 118 0
5 5 2 1 1 118 0
7 8 1 -4 22 119 6
8 7 2 0 2 118 1
3 7 1 -1 1 117 0
0 0 2 -1 5 118 3
0 9 1 0 2 117 1
7 8 2 1 1 116 0
3 7 1 -1 1 117 0
4 1 1 1 1 117 0
6 10 2 -1 1 118 0
3 1 2 0 4 118 2
1 8 1 -1 1 117 0
10 9 1 1 1 117 0
5 4 2 1 5 118 3
4 2 1 0 2 117 1
8 0 2 1 1 116 0
7 7 1 -1 1 117 0
9 9 1 1 1 117 0
4 8 2 -2 4 118 2
7 10 1 0 2 117 1
7 1 2 -1 1 116 0
6 4 1 -1 1 117 0
3 9 1 1 7 119 3
3 2 2 0 2 118 1
1 0 1 1 1 117 0
2 3 2 1 3 118 2
6 10 1 -1 1 117 0
1 5 1 1 1 117 0
9 6 2 1 1 118 0
6 3 1 0 4 119 2
7 0 2 0 2 118 1
4 3 1 -1 1 117 0
5 5 2 1 1 118 0
5 5 2 22 162 120 10
6 1 1 1 21 119 7
9 3 2 -2 4 118 3
7 4 1 -1 1 117 0
0 0 1 -1 1 117 0
2 10 1 1 1 117 0
5 2 2 -1 3 118 2
9 2 1 -1 1 117 0
0 8 1 -1 1 117 0
8 5 2 1 3 118 2
10 5 1 -1 1 117 0
5 6 1 1 1 117 0
4 9 2 2 2 118 1
7 2 1 1 1 117 0
1 6 2 1 3 118 1
4 7 1 2 2 117 1
5 9 2 1 1 116 0
0 4 2 -1 3 118 2
0 2 1 -1 1 117 0
3 4 1 -1 1 117 0
2 8 2 2 2 118 1
9 7 1 1 1 117 0
8 8 1 2 30 119 8
2 2 2 3 5 118 3
2 10 1 2 2 117 1
6 5 2 1 1 116 0
7 9 1 -1 1 117 0
4 1 1 1 1 117 0
7 8 2 4 6 118 5
4 8 1 1 1 117 0
1 4 1 -1 1 117 0
7 0 1 1 1 117 0
2 2 1 1 1 117 0
8 6 1 1 1 117 0
6 1 2 -2 4 118 3
6 2 1 1 1 117 0
1 9 1 -1 1 117 0
7 8 1 -1 1 117 0
4 9 2 1 1 118 0
0 3 2 -1 5 118 2
4 5 1 -1 1 117 0
1 10 1 1 3 117 2
7 3 2 1 1 116 0
8 2 2 1 1 116 0
10 10 2 -1 3 118 2
4 3 1 -1 1 117 0
1 7 1 -1 1 117 0
5 0 2 -2 2 118 1
7 9 1 -1 1 117 0
9 6 2 -1 3 118 2
1 6 1 1 1 117 0
8 3 1 -1 1 117 0
0 3 1 2 18 119 7
3 4 2 3 5 118 2
2 10 1 -1 1 117 0
7 1 1 3 3 117 2
8 0 2 1 1 116 0
9 9 2 1 1 116 0
7 1 2 -1 3 118 1
5 4 1 -2 2 117 1
9 6 2 -1 1 116 0
10 8 2 -1 1 118 0
2 5 2 1 3 118 2
8 1 1 1 1 117 0
1 0 1 1 1 117 0
5 7 2 1 1 118 0
8 2 2 0 2 118 1
0 6 1 1 1 117 0
6 3 2 -2 2 118 1
8 9 1 -1 1 117 0
1 4 1 3 21 119 7
1 3 2 1 3 118 2
5 8 1 1 1 117 0
0 1 1 -1 1 117 0
0 6 2 -1 5 118 4
7 2 1 1 1 117 0
6 4 1 -1 1 117 0
5 1 1 -1 1 117 0
2 6 1 -1 1 117 0
9 10 2 -1 3 118 2
6 1 1 1 1 117 0
9 0 1 -1 1 117 0
2 0 2 2 2 118 1
0 10 1 1 1 117 0
7 8 2 0 2 118 1
5 0 1 1 1 117 0
8 5 2 2 4 118 2
6 9 1 2 2 117 1
5 4 2 1 1 116 0
2 8 1 -1 1 117 0
5 7 2 -1 1 118 0
2 9 1 -2 22 119 9
4 6 2 -3 5 118 3
3 5 1 -1 1 117 0
10 3 1 0 2 117 1
5 8 2 1 1 116 0
0 8 1 -1 1 117 0
9 8 2 -1 1 118 0
10 0 2 2 4 118 3
5 10 1 1 1 117 0
9 3 1 1 1 117 0
4 2 1 -1 1 117 0
5 4 2 2 2 118 1
0 1 1 1 1 117 0
8 10 2 -1 3 118 2
2 8 1 -1 1 117 0
10 6 1 -1 1 117 0
6 1 2 -1 3 118 2
0 9 1 -1 1 117 0
10 2 1 1 1 117 0
2 7 2 1 1 118 0
3 2 2 -1 1 118 0
7 5 2 -1 1 118 0
10 5 1 5 17 119 7
4 8 2 -1 5 118 4
2 10 1 -1 1 117 0
7 1 1 -1 1 117 0
0 5 1 -1 1 117 0
8 4 1 1 1 117 0
7 10 2 1 3 118 1
10 8 1 0 2 117 1
3 6 2 1 1 116 0
5 7 2 0 2 118 1
2 0 1 -1 1 117 0
8 6 2 2 2 118 1
1 7 1 1 1 117 0
3 9 2 1 1 118 0
1 5 2 2 2 118 1
0 8 1 1 1 117 0
6 1 2 1 1 118 0
4 7 1 -1 9 119 6
2 2 2 0 2 118 1
9 8 1 -1 1 117 0
7 1 2 -2 2 118 1
3 8 1 -1 1 117 0
5 0 2 1 1 118 0
0 10 2 1 1 118 0
4 4 2 1 1 118 0
9 6 2 -1 1 118 0
3 0 1 2 10 119 7
5 3 2 -1 1 118 0
3 8 2 1 1 118 0
2 9 2 0 2 118 1
7 10 1 1 1 117 0
10 2 2 1 1 118 0
1 5 2 2 2 118 1
1 2 1 1 1 117 0
0 1 2 1 1 118 0
6 7 2 -1 1 118 0
7 6 1 4 6 119 4
7 3 2 -1 1 118 0
10 1 2 2 2 118 1
8 6 1 1 1 117 0
0 5 2 1 1 118 0
5 10 2 1 1 118 0
5 10 1 5 7 119 3
9 3 2 2 4 118 3
9 8 1 1 1 117 0
8 3 1 -1 1 117 0
5 2 1 1 1 117 0
7 0 2 1 1 118 0
4 7 2 1 1 118 0
2 0 2 -11 137 120 11
8 0 1 -7 19 119 7
7 2 2 -2 6 118 4
2 10 1 1 1 117 0
8 6 1 -2 2 117 1
9 7 2 -1 1 116 0
0 8 1 1 1 117 0
3 1 1 -1 1 117 0
0 3 2 0 4 118 3
1 1 1 -1 1 117 0
8 4 1 1 1 117 0
9 3 1 1 1 117 0
3 8 2 0 2 118 1
9 5 1 1 1 117 0
5 1 2 -1 1 118 0
8 6 2 -1 3 118 2
4 7 1 -1 1 117 0
3 0 1 -1 1 117 0
10 9 2 -1 1 118 0
2 5 2 -1 1 118 0
5 1 1 -5 25 119 9
5 2 2 0 4 118 3
6 8 1 -1 1 117 0
1 2 1 -1 1 117 0
5 3 1 1 1 117 0
3 8 2 1 5 118 3
6 7 1 1 1 117 0
5 5 1 -2 2 117 1
5 4 2 -1 1 116 0
0 1 1 1 1 117 0
2 1 2 1 3 118 2
7 9 1 1 1 117 0
3 6 1 1 1 117 0
0 0 2 -1 5 118 3
10 1 1 -1 1 117 0
1 8 1 0 2 117 1
3 3 2 -1 1 116 0
2 4 1 1 1 117 0
8 5 2 0 2 118 1
2 1 1 1 1 117 0
4 4 2 -2 2 118 1
7 2 1 -1 1 117 0
9 10 2 -1 1 118 0
1 7 2 -1 1 118 0
7 6 2 -1 1 118 0
4 4 1 -1 29 119 9
4 7 2 -1 5 118 3
5 0 1 -2 2 117 1
1 4 2 -1 1 116 0
8 5 1 -1 1 117 0
1 4 1 1 1 117 0
10 0 2 2 6 118 5
10 6 1 -1 1 117 0
1 5 1 1 1 117 0
5 8 1 1 1 117 0
2 7 1 1 1 117 0
8 4 1 -1 1 117 0
8 3 2 1 1 118 0
5 4 2 0 4 118 3
7 9 1 -1 1 117 0
6 5 1 1 1 117 0
10 3 1 -1 1 117 0
0 6 2 -4 6 118 4
1 4 1 0 2 117 1
6 2 2 -1 1 116 0
4 3 1 -1 1 117 0
10 1 1 -1 1 117 0
9 6 1 -1 1 117 0
1 1 2 2 2 118 1
3 10 1 1 1 117 0
9 9 2 -1 1 118 0
2 2 2 0 2 118 1
10 7 1 -1 1 117 0
7 5 2 1 1 118 0
1 3 1 -1 15 119 6
4 1 2 0 4 118 3
6 4 1 -1 1 117 0
0 0 1 1 1 117 0
8 1 1 1 1 117 0
3 2 2 1 5 118 3
2 10 1 2 2 117 1
1 5 2 1 1 116 0
8 3 1 -1 1 117 0
1 9 1 -1 1 117 0
8 8 2 0 2 118 1
6 5 1 -1 1 117 0
2 9 2 -1 1 118 0
9 7 2 1 1 118 0
7 10 2 -1 1 118 0
7 10 1 4 14 119 6
7 6 2 3 3 118 2
0 10 1 1 1 117 0
7 2 1 1 1 117 0
0 9 2 2 2 118 1
2 8 1 1 1 117 0
6 5 2 1 3 118 2
8 8 1 1 1 117 0
9 10 1 1 1 117 0
4 1 2 -1 1 118 0
8 4 2 2 2 118 1
7 1 1 1 1 117 0
3 10 2 -2 2 118 1
0 5 1 -1 1 117 0
3 5 1 0 6 119 3
6 8 2 -1 1 118 0
7 10 2 1 3 118 2
9 9 1 -1 1 117 0
7 4 1 1 1 117 0
2 9 2 1 1 118 0
6 7 1 -6 10 119 5
2 0 2 -2 2 118 1
7 1 1 -1 1 117 0
0 1 2 -1 3 118 2
7 6 1 1 1 117 0
3 10 1 -1 1 117 0
6 6 2 -2 2 118 1
5 1 1 -1 1 117 0
1 7 2 1 1 118 0
3 3 2 -1 1 118 0
10 8 1 6 6 119 3
6 0 2 2 2 118 1
6 6 1 1 1 117 0
7 5 2 2 2 118 1
6 0 1 1 1 117 0
2 9 2 1 1 118 0
0 6 1 1 7 119 5
3 6 2 0 2 118 1
2 0 1 -1 1 117 0
7 9 2 1 1 118 0
0 0 2 -1 1 118 0
10 2 2 1 1 118 0
2 10 2 1 1 118 0
9 9 1 -2 4 119 2
1 1 2 0 2 118 1
8 6 1 1 1 117 0
3 0 2 -1 1 118 0
2 2 1 1 1 119 0
10 10 2 6 110 120 9
4 3 1 -4 16 119 7
3 1 2 -4 6 118 3
6 10 1 0 2 117 1
7 8 2 1 1 116 0
2 7 1 -2 2 117 1
8 7 2 -1 1 116 0
10 8 1 -1 1 117 0
4 4 2 -2 2 118 1
6 1 1 -1 1 117 0
2 3 2 -1 1 118 0
8 9 2 1 3 118 1
10 7 1 0 2 117 1
8 8 2 -1 1 116 0
1 6 2 1 1 118 0
5 8 2 1 1 118 0
10 10 2 1 1 118 0
1 6 1 -2 18 119 6
1 2 2 -2 4 118 3
9 1 1 -1 1 117 0
10 6 1 1 1 117 0
8 10 1 -1 1 117 0
4 1 2 -2 2 118 1
7 10 1 -1 1 117 0
8 7 2 2 4 118 2
10 8 1 2 2 117 1
5 1 2 1 1 116 0
3 2 1 1 1 117 0
6 6 2 -1 3 118 2
4 5 1 -1 1 117 0
0 6 1 -1 1 117 0
7 8 2 0 2 118 1
8 3 1 -1 1 117 0
3 5 2 0 2 118 1
10 9 1 1 1 117 0
10 8 1 7 9 119 6
2 2 2 2 2 118 1
6 6 1 1 1 117 0
1 5 2 0 2 118 1
1 1 1 -1 1 117 0
3 7 2 1 1 118 0
10 6 2 1 1 118 0
0 9 2 1 1 118 0
7 1 2 1 1 118 0
9 2 1 -1 19 119 7
8 9 2 -1 3 118 2
0 1 1 -1 1 117 0
8 0 1 1 1 117 0
3 1 2 1 5 118 4
10 1 1 1 1 117 0
5 7 1 -1 1 117 0
9 2 1 -1 1 117 0
1 5 1 1 1 117 0
2 8 2 -1 1 118 0
5 0 2 1 1 118 0
10 3 2 0 6 118 2
9 5 1 -2 2 117 1
2 3 2 -1 1 116 0
3 8 1 1 3 117 2
10 0 2 -1 1 116 0
4 1 2 1 1 116 0
9 5 2 -1 1 118 0
0 7 2 1 1 118 0
6 0 1 0 8 119 3
1 6 2 -1 3 118 2
6 7 1 -1 1 117 0
0 1 1 1 1 117 0
2 3 2 1 3 118 1
7 0 1 2 2 117 1
8 7 2 1 1 116 0
10 10 2 1 1 118 0
8 7 1 -1 17 119 6
8 10 2 -1 1 118 0
0 1 2 0 6 118 3
8 4 1 -1 3 117 2
5 4 2 1 1 116 0
8 3 2 -1 1 116 0
5 0 1 1 1 117 0
0 6 1 -1 1 117 0
9 8 2 1 3 118 2
3 6 1 1 1 117 0
6 5 1 -1 1 117 0
7 3 2 0 4 118 2
3 6 1 2 2 117 1
4 2 2 1 1 116 0
9 3 1 -1 1 117 0
4 7 2 -1 1 118 0
3 5 2 1 1 118 0
5 4 1 -1 11 119 5
0 5 2 -2 2 118 1
9 5 1 -1 1 117 0
8 4 2 0 4 118 2
7 2 1 0 2 117 1
7 9 2 -1 1 116 0
3 1 1 1 1 117 0
3 8 2 2 2 118 1
8 3 1 1 1 117 0
10 6 2 -1 1 118 0
4 9 2 -1 1 118 0
0 5 1 6 8 119 4
7 8 2 3 3 118 1
2 5 1 2 2 117 1
6 2 2 1 1 116 0
10 6 2 1 1 118 0
8 7 2 1 1 118 0
1 0 2 0 2 118 1
9 2 1 -1 1 117 0
3 1 1 1 3 119 2
5 1 2 -1 1 118 0
9 5 2 1 1 118 0
1 3 2 8 86 120 11
4 1 1 5 9 119 4
4 9 2 1 3 118 2
3 1 1 1 1 117 0
0 7 1 1 1 117 0
8 7 2 3 3 118 2
1 6 1 1 1 117 0
3 0 1 1 1 117 0
1 4 2 1 1 118 0
10 8 2 1 1 118 0
7 10 1 3 17 119 6
0 6 2 4 4 118 3
5 2 1 1 1 117 0
0 9 1 1 1 117 0
8 4 1 1 1 117 0
8 8 2 -3 5 118 4
4 7 1 -1 1 117 0
0 4 1 -1 1 117 0
1 8 1 1 1 117 0
2 5 1 -1 1 117 0
4 7 2 -1 1 118 0
1 1 2 1 3 118 2
2 3 1 1 1 117 0
8 4 1 1 1 117 0
6 2 2 1 1 118 0
9 0 2 2 2 118 1
8 9 1 1 1 117 0
10 4 1 7 15 119 7
10 8 2 2 2 118 1
2 5 1 1 1 117 0
0 1 2 4 4 118 2
8 0 1 1 1 117 0
3 2 1 2 2 117 1
8 8 2 1 1 116 0
7 3 2 1 3 118 2
3 3 1 1 1 117 0
0 4 1 1 1 117 0
6 2 2 -2 2 118 1
2 6 1 -1 1 117 0
2 5 2 -1 1 118 0
9 10 2 1 1 118 0
5 4 2 1 1 118 0
5 8 1 -1 7 119 5
9 8 2 1 1 118 0
2 5 2 -1 1 118 0
0 1 2 -1 1 118 0
5 2 2 2 2 118 1
1 0 1 1 1 117 0
4 10 2 -1 1 118 0
8 9 1 0 12 119 8
1 4 2 1 1 118 0
0 0 2 -2 2 118 1
9 3 1 -1 1 117 0
6 2 2 -2 2 118 1
9 2 1 -1 1 117 0
5 1 2 1 1 118 0
8 6 2 1 1 118 0
7 8 2 1 1 118 0
2 7 2 0 2 118 1
3 2 1 1 1 117 0
4 9 2 -1 1 118 0
9 0 1 0 4 119 3
1 1 2 1 1 118 0
10 8 2 1 1 118 0
2 0 2 -1 1 118 0
2 2 1 -3 9 119 4
5 5 2 -2 2 118 1
6 8 1 -1 1 117 0
10 7 2 -1 3 118 2
7 2 1 -1 1 117 0
1 5 1 -1 1 117 0
3 10 2 1 1 118 0
9 0 2 -2 2 118 1
7 7 1 -1 1 117 0
6 7 1 -3 7 119 4
6 2 2 -2 2 118 1
10 5 1 -1 1 117 0
7 7 2 -2 2 118 1
8 7 1 -1 1 117 0
10 9 2 1 1 118 0
1 6 2 1 1 118 0
1 6 1 -2 2 119 1
6 2 2 -1 1 118 0
0 5 1 2 2 119 1
8 2 2 1 1 118 0
3 3 1 1 1 119 0
6 7 2 7 57 120 10
6 9 1 4 10 119 6
6 0 2 0 2 118 1
2 6 1 -1 1 117 0
8 7 2 2 2 118 1
8 1 1 1 1 117 0
4 9 2 0 2 118 1
9 0 1 -1 1 117 0
7 5 2 1 1 118 0
10 10 2 1 1 118 0
9 6 2 1 1 118 0
9 6 1 -2 6 119 5
8 0 2 1 1 118 0
10 10 2 -1 1 118 0
9 6 2 -1 1 118 0
0 4 2 -1 1 118 0
7 1 2 -1 1 118 0
8 10 1 -1 9 119 4
7 10 2 1 1 118 0
10 0 2 2 2 118 1
9 3 1 1 1 117 0
8 7 2 -1 3 118 2
9 10 1 -1 1 117 0
8 1 1 -1 1 117 0
3 4 2 -2 2 118 1
6 2 1 -1 1 117 0
0 1 1 1 9 119 5
1 5 2 3 3 118 1
6 8 1 2 2 117 1
9 8 2 1 1 116 0
4 9 2 -1 1 118 0
2 3 2 -1 1 118 0
3 6 2 0 2 118 1
3 9 1 1 1 117 0
7 2 2 -1 1 118 0
7 8 1 4 8 119 4
8 3 2 3 3 118 2
5 7 1 1 1 117 0
4 2 1 1 1 117 0
2 9 2 1 1 118 0
10 6 2 -1 1 118 0
3 10 2 0 2 118 1
2 0 1 1 1 117 0
1 4 1 -4 6 119 3
4 9 2 -2 2 118 1
8 10 1 -1 1 117 0
0 5 2 0 2 118 1
10 8 1 -1 1 117 0
2 2 2 -1 1 118 0
10 5 1 1 3 119 1
6 7 2 0 2 118 1
10 10 1 1 1 117 0
2 7 1 1 3 119 2
4 2 2 -1 1 118 0
3 4 2 1 1 118 0
4 2 1 1 1 119 0
3 3 1 1 1 119 0
8 4 2 -9 37 120 9
3 9 1 -5 7 119 4
2 0 2 0 2 118 1
9 6 1 -1 1 117 0
8 8 2 -1 1 118 0
10 9 2 -2 2 118 1
4 2 1 -1 1 117 0
3 6 2 -1 1 118 0
5 6 1 -4 4 119 3
4 8 2 -1 1 118 0
7 6 2 -1 1 118 0
5 4 2 -1 1 118 0
4 8 1 3 11 119 6
0 3 2 1 3 118 2
3 1 1 1 1 117 0
9 7 1 1 1 117 0
3 0 2 2 2 118 1
0 2 1 1 1 117 0
10 7 2 -1 1 118 0
1 9 2 0 2 118 1
2 9 1 1 1 117 0
5 8 2 -1 1 118 0
8 10 2 1 1 118 0
9 1 1 1 5 119 4
2 7 2 1 1 118 0
9 2 2 1 1 118 0
3 5 2 -1 1 118 0
1 10 2 1 1 118 0
0 10 1 -2 2 119 1
6 9 2 -1 1 118 0
8 0 1 -2 2 119 1
7 7 2 -1 1 118 0
6 2 1 -1 1 119 0
1 3 1 1 3 119 2
7 5 2 1 1 118 0
5 3 2 1 1 118 0
2 5 1 1 1 119 0
9 2 2 2 20 120 9
5 0 1 1 1 119 0
0 8 1 3 3 119 2
4 8 2 1 1 118 0
1 1 2 1 1 118 0
4 9 1 0 6 119 3
9 4 2 -2 2 118 1
6 2 1 -1 1 117 0
10 8 2 0 2 118 1
2 7 1 1 1 117 0
4 10 2 1 1 118 0
1 2 1 -3 3 119 2
10 1 2 -1 1 118 0
4 7 2 -1 1 118 0
2 6 1 0 2 119 1
4 7 2 1 1 118 0
8 1 1 -1 1 119 0
6 3 1 -1 1 119 0
3 4 1 1 1 119 0
9 5 1 1 1 119 0
